21013
347
47041
51349
52223
16417
71479
84673
97861
25097
49891
81223
32993
34033
52957
92333
46229
97301
67141
9623
91397
16033
32377
93937
50591
41
65777
52813
93113
30773
35533
12107
82471
30109
22639
37061
42737
80849
63421
44383
28571
48869
21893
34667
10639
23539
35491
90947
43987
48179
641
4621
70141
95869
2749
83777
17519
93377
21319
75149
36871
83093
41611
9689
90199
72797
11867
36373
18047
8627
22811
57149
46507
70181
92831
1277
87767
21499
79589
20983
31
73651
94477
64483
41719
20641
54133
86131
78607
35969
70573
72287
86951
10357
643
43951
94999
94789
74827
92119
85103
32633
18947
90947
45523
82469
71527
41957
76103
96149
31517
21059
88667
95429
68767
2
88427
44179
23929
43543
52859
71119
41351
66959
88223
16519
52511
21347
81703
92219
99713
3433
6053
32077
16487
55127
53279
76883
28433
67567
82301
30197
86113
11633
77641
37057
67447
43517
30341
28477
48479
24083
49363
18539
11177
35899
26347
11299
44843
93407
63737
69029
33581
33479
52691
3037
81463
69467
46499
11321
33811
52673
52757
49853
45161
17627
4721
33529
613
31769
22973
9787
97583
57587
60601
75209
92363
27067
19301
25981
16223
91381
8017
3767
28879
20663
24919
8539
79393
45817
69191
44131
1153
60037
37321
12301
13007
30269
45553
76963
13003
26879
18013
32341
1951
25541
36541
66089
6373
68771
53899
58741
92831
1453
56533
36373
87977
5851
67537
19051
70067
7
36527
76543
13241
51817
65381
36919
12721
46567
82633
31151
75787
30211
33739
15887
17657
251
66431
47629
95257
29473
31033
16931
4027
56267
72307
46103
1901
71287
64747
15661
29837
68567
39047
96661
86131
94343
21521
62129
78163
60821
10889
88813
64667
79433
58439
32611
50111
50221
12149
73751
21019
5743
21863
59009
20483
67073
33349
35897
28789
90619
17351
55697
83653
86561
93893
85229
68473
76289
87803
83009
9679
43237
44953
72817
36809
18637
55589
18089
4703
76991
56891
32687
74161
72623
60923
17597
6619
49757
28433
64007
16747
76801
84631
77369
54413
85829
94397
67219
47533
19457
52067
69313
76511
75079
30713
33623
72623
8807
16823
6829
13999
99877
9311
98963
13093
72763
25373
36373
17729
1493
7829
38119
35149
76717
38767
8263
45631
42013
53441
85933
76333
39089
90247
90481
76493
44687
8219
63853
42533
46861
42677
85361
22283
79997
45061
65287
40151
64109
80603
61667
71761
65011
30469
71963
11003
14543
67453
72103
64453
61151
72923
52673
19213
56857
17599
18371
21383
28729
2399
67741
4507
64037
63211
87917
45887
48073
99233
93139
69473
53939
33863
93703
36739
4391
70921
24923
54083
85751
18671
42841
22381
18013
32611
85793
79861
51613
30169
95507
72109
72379
2719
72673
63347
37693
23801
41081
34457
90073
19121
19319
76039
56209
80917
65993
68147
40063
82729
87257
54413
93809
79841
4919
33739
34729
28597
75227
25163
4871
10163
22171
88993
33767
79333
59981
54059
31973
96199
78823
20521
22093
71263
8431
32027
25603
66191
5531
3259
98773
48571
47143
22291
50821
67939
83311
32653
26407
43633
3137
74797
51131
15923
26387
59723
45263
50159
4019
74051
53201
31891
14591
7187
26681
4999
42487
47527
94819
23557
64997
27763
9941
68473
19583
14461
57653
31081
88609
60353
49333
27631
85369
5279
64621
27967
71711
99971
4373
2543
29153
36551
88807
60659
38219
58601
16987
42611
33151
34729
11083
42331
29989
43499
179
57389
7109
62099
28297
25759
40709
20113
3907
68749
30497
10687
19709
99259
37181
70157
5693
46549
11807
34919
28411
4603
93307
41263
92639
30689
50627
94873
10597
36467
95021
36629
1871
98321
30169
38153
3347
33493
62131
37357
40423
84143
35527
82799
25073
81017
61819
63949
5023
84631
82657
69941
91291
17881
79687
61861
35509
14549
39047
38543
19763
14737
66109
82759
61099
35257
75913
71987
4691
23893
73127
42239
33199
77563
41813
90731
23339
12713
30223
68477
35839
73951
74201
65609
89021
15739
87917
54547
13171
18979
32491
80687
16187
85513
18041
92173
85237
85049
61381
72497
83299
45737
95189
51449
22367
45013
19289
37201
89767
56891
53507
93607
86837
85577
853
71909
22697
21179
91033
29851
28163
51631
1439
87421
41969
90473
48673
24593
79333
19489
65657
73771
83719
32587
59419
3329
60317
50849
67043
97861
20369
10859
5333
99277
5647
73783
17239
25127
8419
87833
8231
6673
22091
19979
31649
11701
9157
53639
22619
22051
50021
25537
30097
63127
22937
9437
2657
72503
823
1237
631
62053
85667
11677
65119
4673
2887
20327
3823
90359
28807
9769
97303
21101
68687
75979
20509
33613
77773
61559
62003
44797
11329
24677
31741
77783
37997
89917
71473
41669
78623
90641
54449
94583
51329
89797
75209
85853
26879
7411
62233
67607
577
87539
20747
46061
24043
33049
1699
52757
1409
17257
61723
60919
87697
59879
11251
29683
99259
24379
37493
94819
2999
7451
56333
53891
76163
37889
9013
80849
87589
21269
98963
92893
30241
14321
8461
89681
22721
30809
74797
14657
91283
65677
75367
59797
92861
67783
93047
89021
54949
54293
32707
51977
62791
44867
65129
38671
56503
44741
35879
14281
3079
61861
34019
49823
31771
23669
43331
1789
47969
66041
63629
54751
36607
70913
34843
60919
63781
58129
32371
2833
5441
80491
50777
93047
79757
25349
63103
14387
28081
20327
2693
95267
52289
72337
70297
5779
26261
51839
86509
44971
49333
87491
28631
47147
97159
80953
83621
11867
10601
50893
32257
84913
7069
30059
11471
11369
2129
55339
54133
85549
76081
85667
84731
19013
97021
20759
63361
31189
94477
27367
46477
20507
20071
62053
88493
2
1627
29269
40699
40529
4049
90511
4201
62861
10169
30271
2897
30697
26633
19379
26669
33029
63493
28283
45343
99017
92761
68567
69739
9281
23663
79151
97327
80167
98459
87179
5521
33581
41467
157
42571
15601
48131
79309
37339
52529
51257
Prime numbers found: 932