6, 6 * 6, 6
105405748675.171249, 31578617963.259407, 45075443092.200974, 32844380131.947060, 34785147832.378593, 30859463171.710884
20260261241.536232, 21544810785.308891, 35054780284.313393, 28377511290.448109, 27311804742.923645, 18592385376.224510
63957775688.840775, 84627281854.264404, 31834464263.301609, 21600573978.415657, 22694691363.870956, 21703563312.901657
18725116073.836895, 26044003966.936817, 35580143010.812759, 20200018697.914429, 121001675878.731140, -nan
23428155859.839958, 23819219282.175064, 35154919467.818260, 22215215722.213436, 27596326942.852425, 14594846659.261253
110234141681.548096, 127964496848.381287, 37675214873.130196, 16512988428.882385, 26580756394.949726, 23864139224.074669
----------------
2, 4 * 4, 2
9947047195.529209, 14200596809.529045
10519836149.444487, 16034405692.067020
----------------
9, 11 * 11, 9
31011369938.519295, 35692486797.110977, 40653841394.870621, 37119512263.544342, 42842953929.597488, 39459046936.607040, 30211185997.392277, 46541455110.334343, 34304520492.786846
24080248746.934837, 30950047968.443741, 23444667214.924980, 29827064060.174530, 20632508745.592812, 35857950656.252678, 18558586495.492565, 31712132456.134750, 24437891253.850525
29950962965.743343, 32449599240.077686, 29768991455.971081, 34601572745.962837, 27019244485.234554, 30997729980.889591, 26253744109.200367, 33139957790.751572, 28919154317.116528
38604584517.468719, 31099655203.781036, 38702026565.196518, 33331277042.610878, 30242896894.484764, 31965815857.285477, 30244593998.380314, 41378186062.584160, -nan
44799877528.651306, 38475111809.887062, 42816954148.718597, 36034108397.048973, 36939615796.087875, -31704021314633841103960407874607849007448427935544568099056315420308137558677125747471347331403757366987233802602213714274219560191221349759987429521829658624.000000, 28141513831.482491, 45637538469.009041, 35726962203.193069
-31704021314633841103960407874607849007448427935544568099056315420308137558677125747471347331403757366987233802602213714274219560191221349759987429521829658624.000000, 34918647181.886810, 42301124885.394119, 32050763895.758816, 27556040658.659706, 35897802149.846085, 31255102175.404564, 45523916688.174591, 32956486600.603008
53905492870.175339, 51372489400.079086, 48444201318.987282, -31704021314633841103960407874607849007448427935544568099056315420308137558677125747471347331403757366987233802602213714274219560191221349759987429521829658624.000000, 45019132258.069237, -31704021314633841103960407874607849007448427935544568099056315420308137558677125747471347331403757366987233802602213714274219560191221349759987429521829658624.000000, 42863611860.124100, 62418931506.332420, 38718027658.148987
32408606501.076130, 24765462299.173958, 28068844309.328377, 31274744130.250259, -31704021314633841103960407874607849007448427935544568099056315420308137558677125747471347331403757366987233802602213714274219560191221349759987429521829658624.000000, 38591107169.467735, -nan, 38617709236.464035, 26445130606.502987
43252610838.834282, 36580364590.009865, 39397665773.924225, 32133014599.893360, 33968868111.830051, 46037662535.537750, 26094054088.281452, 44233659640.798714, 33150507348.722961
----------------
13, 6 * 6, 13
13053272095.398417, 17264306882.249866, 14231947055.247002, 21549923104.208549, 20602646767.480698, 18426670076.730595, 27983932089.605881, 17800147211.718067, 14984325533.149038, 15867258673.738968, 13513810098.651186, 27314762970.673424, 20850708414.908478
21551677112.401695, 29717977905.799488, 31529458000.133289, 36739781615.603912, 24824995731.632767, 24642749708.854156, 34517844956.117973, 18314852289.190502, 31626697734.908379, 19171622263.560879, 21670844635.862633, 44962774491.900513, 35824272188.506042
11103138184.908142, 29437725205.427963, 24537025483.103905, 34608671823.073013, 28905579776.659592, 22628912499.425858, 28974711979.324978, 20331371491.999935, 25495619314.489311, 18293817844.736534, 18105296929.610416, 33177545541.590210, 36018061692.673592
11444631759.254217, 29182708683.968636, 25473568400.804253, 36828626072.494812, 31608276595.672211, 26074754804.779305, 31559455582.514206, 22693992271.256798, 27150685935.645473, 19449283060.468437, 20362756526.240406, 33618740811.053627, -31704021314633841103960407874607849007448427935544568099056315420308137558677125747471347331403757366987233802602213714274219560191221349759987429521829658624.000000
21922885079.751137, 29027386680.675652, 30890087035.613945, 41223637670.931519, 31064880515.088284, 33313703721.414864, 40536220082.460388, -31704021314633841103960407874607849007448427935544568099056315420308137558677125747471347331403757366987233802602213714274219560191221349759987429521829658624.000000, 33699389404.513081, -nan, 25174920483.356712, 46791922207.718948, 41612831572.826920
19087236852.834053, 29328573112.032806, 28314602748.847698, 38290301831.303658, -31704021314633841103960407874607849007448427935544568099056315420308137558677125747471347331403757366987233802602213714274219560191221349759987429521829658624.000000, 28955278300.594067, -nan, 19615596733.816635, 30952874199.878319, 21362786524.123360, 21222389133.933456, 44022523633.344193, 39739691816.223541
13144357471.855825, 13759394405.168259, 18111476780.933071, 24093518511.151962, 14696268244.317745, 19925402484.343025, 24260434165.114223, 12059389876.361712, 20713620609.490795, 15148122621.082817, 45699704164.262367, 62695420290.741905, 63809950012.288200
48602802549.225609, 53468589312.435677, 65319556801.099319, 56003741749.021179, 59847539574.985504, 53067135763.527328, 44430405754.469704, 41685777893.294647, 50027704787.080635, 38330565961.587082, 40617986574.606522, 55473779754.954834, 41483955030.655869
43007207363.437218, 47720863888.874458, 43953160719.519058, 56056168325.413879, 52432445440.838272, 53303182454.673622, 48967675658.508644, 45980809795.974907, 41989210496.230949, 47638263618.452507, 40019478161.081528, 68726170280.545471, 58257597607.501678
60684310524.132370, 65099838022.395065, 66770085756.818420, 72791351635.254456, 60171352173.577538, 68833413139.441010, -nan, 67161371346.699860, 74125541843.981049, 61120867031.717613, 62542722426.481064, 81743041381.720230, -31704021314633841103960407874607849007448427935544568099056315420308137558677125747471347331403757366987233802602213714274219560191221349759987429521829658624.000000
45170219157.236549, 68877589290.132660, 57842658963.574745, -31704021314633841103960407874607849007448427935544568099056315420308137558677125747471347331403757366987233802602213714274219560191221349759987429521829658624.000000, 56810846187.906136, 19853542153.857185, 30220619674.961941, 17520096182.702034, 21994552665.097790, 16593336698.023245, 16714954750.642019, 35190623628.249023, 26622353573.554287
12362237764.700718, 21909081860.105564, -31704021314633841103960407874607849007448427935544568099056315420308137558677125747471347331403757366987233802602213714274219560191221349759987429521829658624.000000, 75949970629.134933, -31704021314633841103960407874607849007448427935544568099056315420308137558677125747471347331403757366987233802602213714274219560191221349759987429521829658624.000000, 22407109180.046406, 34603292374.796158, 20494319291.329975, 21889818095.612644, 23595979065.993992, 16289971492.935249, 32305753733.570473, -31704021314633841103960407874607849007448427935544568099056315420308137558677125747471347331403757366987233802602213714274219560191221349759987429521829658624.000000
58972598653.957031, -nan, 35386837098.951187, 44202025886.293274, 32688927097.030678, 34402842798.013756, 40244037114.436882, 24715798236.927223, 71619799470.763992, 67661772162.832687, 28797448345.549248, 43414689714.156761, 43810541856.472984
----------------
10, 1 * 1, 10
30304991554.097313, -nan, 20402808749.631069, 32523004012.034332, 22723170370.845234, 21788035433.792263, 44265211646.511475, 39965228152.277863, 13429909676.575745, 14764064373.706900
18328218951.858826, 24159622299.299191, 14822681792.412945, 20177539998.173199, 24478889861.141159, 12150223545.431276, 20752592388.640926, 15184340117.630455, 45745559240.963280, 62856754077.366425
74024275560.263260, 51718050538.143555, 59426032335.193245, 77201945161.971924, 66298819940.301903, 64128223221.507515, 54903743922.073441, 46137213888.254417, 43846772587.820152, 57630820560.221298
43774649506.362167, 42278367402.954414, 58649008249.170906, 47817091236.685425, 48494330865.628250, 50002404582.967400, 44932045542.327820, 56965871666.234825, 53584223460.988106, 57355530039.951118
50481320495.433311, 46442453495.504379, 42872034607.359612, 49399096059.937996, 41545089605.202484, 69360518057.070999, 58529761681.730560, 60937239736.853264, 65420072427.165779, 67896779524.361038
74982183448.790009, 60839529858.841064, 70111202420.806747, -nan, 69369523487.373032, 75043689388.078171, 61514794125.958260, 62908809207.398094, 82206544909.526489, -31704021314633841103960407874607849007448427935544568099056315420308137558677125747471347331403757366987233802602213714274219560191221349759987429521829658624.000000
53152677189.366150, 71312144191.914062, 62498378882.095764, -31704021314633841103960407874607849007448427935544568099056315420308137558677125747471347331403757366987233802602213714274219560191221349759987429521829658624.000000, 64856412115.230904, 3345338602.797867, 1435302554.065118, 1333864309.771771, 1688809444.704284, 5941807149.915027
4001173476.265819, 1220310393.153661, 2333660004.967041, 4654589960.042775, 4032806042.999218, -31704021314633841103960407874607849007448427935544568099056315420308137558677125747471347331403757366987233802602213714274219560191221349759987429521829658624.000000, 76669409990.623169, -31704021314633841103960407874607849007448427935544568099056315420308137558677125747471347331403757366987233802602213714274219560191221349759987429521829658624.000000, 846508622.960498, 2978305814.278615
1289314149.599210, 393225503.999983, 751984607.167249, 1499867159.388037, 1299507238.231691, -31704021314633841103960407874607849007448427935544568099056315420308137558677125747471347331403757366987233802602213714274219560191221349759987429521829658624.000000, 59204426479.980484, -nan, 272773862.921659, 959711407.406097
1257739167.665944, 383595509.488282, 733568691.703372, 1463135786.762755, 72887482100.864243, 68188873385.652550, 226150420.388375, 210167517.323493, 266093699.056014, 936208314.417149
----------------
2, 13 * 13, 2
46553719724.539978, 72987800900.510651
42626160757.524704, 55360127297.412483
----------------
3, 2 * 2, 3
3641770386.842329, 10076630754.619553, 13603736568.292845
5213023955.847581, 7400591348.604488, 6338751101.670856
4201084611.002371, 6818571943.432896, 6706345293.468283
----------------
12, 12 * 12, 12
63818536496.450951, 81630616632.689560, 77072545970.848907, 83438694225.189865, 87347206067.649490, 64746406471.499672, 57765724193.885269, -31704021314633841103960407874607849007448427935544568099056315420308137558677125747471347331403757366987233802602213714274219560191221349759987429521829658624.000000, 49134733802.413681, 57063324233.033073, 48756192011.394249, 40332254910.281540
45321207105.773293, 40097757452.948219, 38422753494.226166, -31704021314633841103960407874607849007448427935544568099056315420308137558677125747471347331403757366987233802602213714274219560191221349759987429521829658624.000000, 45819100425.128212, -nan, 44905146167.717255, 47860473700.500381, 40008149859.860931, 40785705474.455414, 25962479477.335953, 25660064224.357288
36946070131.690437, -31704021314633841103960407874607849007448427935544568099056315420308137558677125747471347331403757366987233802602213714274219560191221349759987429521829658624.000000, 26292146461.902122, -nan, 32327396912.393082, 23824912167.160595, 32999321002.055763, 40864187355.616829, 38167557232.606796, 37700234575.879723, 20251517114.906464, 19054380655.002701
41033486242.373077, 38238646661.479805, 35057201324.939194, 28883800396.681660, 39310476896.437408, 29118160333.595634, 37031756251.646721, 38963866535.023041, 56947931858.192802, -nan, 46819581597.115211, 54202255506.052940
63094560541.641304, 68637480646.376068, 81610721411.937103, 73489790320.208969, 51616956704.225952, 49595499264.897995, 58345358037.874657, 65556087502.137901, 40544394007.288109, 54771937931.411018, 59528436049.074425, 40120745667.444069
46847722306.645798, 40054777684.865257, 72909162774.726517, 83327437177.591980, 97489881720.466797, 72786603911.580170, 89093898279.057724, 105308696279.718079, 85626024322.840881, 24165401268.090771, 76943804200.559982, 66454207225.685448
88454726906.054413, 93379046629.840591, 82330648992.716583, 36228233959.601479, 98396784520.817307, 87567942148.409821, 86642818423.162903, 97293897647.257263, 79529694527.885666, 99193035026.084869, 87697042175.767242, 84680967045.777588
87968033614.630707, 81677934599.849136, 80878478166.982666, 88148441886.475266, 83503458409.095581, 102749408613.521484, 101274080991.462234, 104902469526.088913, 99890276745.226791, 108260021597.098251, 110791215168.951263, 83430113054.780716
32189152675.037937, -31704021314633841103960407874607849007448427935544568099056315420308137558677125747471347331403757366987233802602213714274219560191221349759987429521829658624.000000, 35374581181.577927, 34262961844.499340, 41640127285.719345, 27021349310.076591, 39793258430.019608, 42966558571.196190, 38141350661.654060, -31704021314633841103960407874607849007448427935544568099056315420308137558677125747471347331403757366987233802602213714274219560191221349759987429521829658624.000000, 28117564114.485764, -31704021314633841103960407874607849007448427935544568099056315420308137558677125747471347331403757366987233802602213714274219560191221349759987429521829658624.000000
40427910423.839546, 29565018202.476471, 34258032374.393242, 28806171515.509823, 39233439633.441566, 27605152681.462795, 38509012742.902809, 48216025531.500488, 33074332148.953907, 41328095362.353088, 33635104337.800087, -31704021314633841103960407874607849007448427935544568099056315420308137558677125747471347331403757366987233802602213714274219560191221349759987429521829658624.000000
39633723508.916756, 39354481070.440666, 31582145129.927734, 37558199937.756615, 43050445475.309128, 20028638998.585468, 45946417293.720680, 45332499498.843613, 38072541413.851456, -31704021314633841103960407874607849007448427935544568099056315420308137558677125747471347331403757366987233802602213714274219560191221349759987429521829658624.000000, 36797695574.103226, -nan
33974650683.900070, 32188007955.871784, 27311589945.808311, 36370286174.486259, 41004656577.158691, 23926466157.867695, 51275248380.368858, 52363490181.900917, 37767938308.618828, 37071933163.617783, 29616400704.741894, 19757032822.271038
----------------
12, 8 * 8, 12
90542871979.193832, 126894770221.805161, 116198879740.494278, 110296515372.762222, 119212734093.259247, 91961913669.554474, 79320522702.358170, -31704021314633841103960407874607849007448427935544568099056315420308137558677125747471347331403757366987233802602213714274219560191221349759987429521829658624.000000, 71711724707.759903, 98575893276.627106, 92415009683.905273, 82857417239.066391
82805886252.878998, 85425692926.810455, 76778518356.952789, -31704021314633841103960407874607849007448427935544568099056315420308137558677125747471347331403757366987233802602213714274219560191221349759987429521829658624.000000, 81430098170.109024, -nan, 73732152293.976425, 95399563872.953445, 66798938927.261787, 80681885503.232178, 71337088453.018234, 74785456988.950287
71643346985.206512, -31704021314633841103960407874607849007448427935544568099056315420308137558677125747471347331403757366987233802602213714274219560191221349759987429521829658624.000000, 50392558537.913048, -nan, 53950174310.091049, 47852749796.224907, 56178789851.777405, 78051786630.269699, 58047256429.451996, 68411318949.291512, 52048303224.989143, 53510683811.480583
61011828902.684349, 64502581548.480240, 72189428441.561142, 59347626076.077713, 70511458247.465408, 59605311080.803452, 60271116207.070099, 78241569145.245300, 83930402369.653503, -nan, 79182344851.445953, 95452487370.605804
102828049220.319458, 111810548486.089005, 121184184684.515213, 107863962615.924301, 82506782508.670578, 82622580410.036758, 87430303223.460098, 117928817986.957153, 70173296602.446609, 95647164774.488251, 109410170503.771744, 86882724628.015289
72781941159.563141, 75796204293.221649, 104781020238.636841, 109521578878.760086, 126386942921.239899, 103695175629.296371, 111134752680.859909, 145014494472.919617, 109253895107.476166, 55108587956.430923, 106552603223.112518, 108209587194.933960
121108806709.931107, 140552203351.971375, 120242633271.337982, 63101680224.697655, 133462587998.720367, 123901713441.426407, 109785583096.334641, 144722392179.456879, 107105364617.548187, 141236973176.119751, 133045133778.623718, 129915781160.681244
119069986793.612488, 121368177504.365601, 124302557425.201157, 117453762677.914825, 124853942346.902817, 136113758509.986526, 131287426959.403030, 150462731404.997742, 133129719189.580658, 153294270225.796875, 152947383998.222565, 139123747924.348938
54017647346.474220, -31704021314633841103960407874607849007448427935544568099056315420308137558677125747471347331403757366987233802602213714274219560191221349759987429521829658624.000000, 63938549912.697098, 61139018158.044037, 74363705882.526062, 40355763328.743126, 64438685091.730339, 66059646789.938278, 53919387682.362076, -31704021314633841103960407874607849007448427935544568099056315420308137558677125747471347331403757366987233802602213714274219560191221349759987429521829658624.000000, 55522245121.930977, -31704021314633841103960407874607849007448427935544568099056315420308137558677125747471347331403757366987233802602213714274219560191221349759987429521829658624.000000
69530235925.903442, 35392832939.885880, 27725113043.715382, 22539367313.684292, 22915107423.197258, 27757157960.424465, 21814120669.023640, 38251584980.329163, 23203855539.596024, 31791300299.304504, 29044870546.410660, -31704021314633841103960407874607849007448427935544568099056315420308137558677125747471347331403757366987233802602213714274219560191221349759987429521829658624.000000
27399564443.018280, 43670004705.830139, 38702318135.924713, 28104972015.419788, 35604131560.541710, 25523061483.906315, 22869362335.269638, 39685787395.246429, 21255937476.534889, -31704021314633841103960407874607849007448427935544568099056315420308137558677125747471347331403757366987233802602213714274219560191221349759987429521829658624.000000, 79559884071.994492, -nan
17032674556.089113, 20954802508.754066, 19779327699.110394, 18428409764.579338, 14267769620.328949, 16830934230.053789, 66278221421.852722, 76951966223.159393, 14761545654.572205, 20061494177.996777, 19414363647.734272, 22936554618.978535
----------------
8, 4 * 4, 8
128284486161.308746, 160398075185.634918, 169552580049.336182, 156238833019.841125, 136980342444.902573, 136541713047.749298, 154237526605.188782, 123832853423.010666
135679116553.231339, 148968755973.824402, 150175851694.223053, 164010350074.013397, 139386108390.058716, 158365214061.242950, 169223548720.548828, 142311240675.726227
61728949133.347496, -31704021314633841103960407874607849007448427935544568099056315420308137558677125747471347331403757366987233802602213714274219560191221349759987429521829658624.000000, 75541885343.994659, 70681595342.570023, 81457329504.873688, 45216871140.409340, 73793064596.539551, 67746020796.970909
67169009268.603119, -31704021314633841103960407874607849007448427935544568099056315420308137558677125747471347331403757366987233802602213714274219560191221349759987429521829658624.000000, 76373751737.461945, -31704021314633841103960407874607849007448427935544568099056315420308137558677125747471347331403757366987233802602213714274219560191221349759987429521829658624.000000, 80356481910.877472, 9986406637.014277, 19754883361.948364, 3224206448.611576
12587927566.588198, 9448850461.605007, 20995324986.324390, 16331446510.917065, 14535695851.149494, 13953502784.455450, 17950246008.824757, -31704021314633841103960407874607849007448427935544568099056315420308137558677125747471347331403757366987233802602213714274219560191221349759987429521829658624.000000
42569381068.741936, 56917594029.390656, 21480983609.601112, 18627955915.893219, 13755241067.749475, 8128871796.052633, 17060755898.611555, 2769022900.751081
8185898997.993530, -31704021314633841103960407874607849007448427935544568099056315420308137558677125747471347331403757366987233802602213714274219560191221349759987429521829658624.000000, 93330394089.039215, -nan, 6214825210.339789, 6022803225.071100, 12703113579.482012, 2310888542.218460
18942143429.167503, 12698065309.702038, 92400278142.295212, 99600893851.925247, 19625662977.529552, 11010391440.233093, 18907615934.819561, 3299766618.293522
----------------
6, 6 * 6, 6
105405748675.171249, 31578617963.259407, 45075443092.200974, 32844380131.947060, 34785147832.378593, 30859463171.710884
20260261241.536232, 21544810785.308891, 35054780284.313393, 28377511290.448109, 27311804742.923645, -31704021314633841103960407874607849007448427935544568099056315420308137558677125747471347331403757366987233802602213714274219560191221349759987429521829658624.000000
63957775688.840775, 84627281854.264404, 31834464263.301609, 21600573978.415657, 22694691363.870956, 21703563312.901657
18725116073.836895, 26044003966.936817, 35580143010.812759, -31704021314633841103960407874607849007448427935544568099056315420308137558677125747471347331403757366987233802602213714274219560191221349759987429521829658624.000000, 121001675878.731140, -nan
23428155859.839958, 23819219282.175064, 35154919467.818260, 22215215722.213436, 27596326942.852425, 14594846659.261253
110234141681.548096, 127964496848.381287, 37675214873.130196, 16512988428.882385, 26580756394.949726, 23864139224.074669
----------------
